1
46 54
0 0 30340 27966 65071 12205 99289 24559 70651 87630 92892 77981 95673 85707 83658 97844 67688 48589 66341 64120 3725 23702 9320 14395 95527 43020 34562 30851 41532 9061 43032 64409 69547 71407 48007 3869 55894 1906 13938 61291 31598 57871 74082 69610 4394 86886 25816 48005 23304 68178 58777 42889 84999 5300
0 55321 70434 52110 39186 93003 36735 57913 94036 27405 5672 16928 37761 231 63840 72156 28018 40634 26223 78521 24239 51656 5221 35641 71232 73186 24427 83821 28316 96271 9142 42907 13200 31934 57063 52688 9379 48554 28420 21398 9979 12653 62284 63289 91963 28529 79033 29249 32775 67851 55108 32355 41600 21025
80329 40981 10437 14356 72432 74122 54889 67714 68608 27710 53145 30460 52059 31339 78630 97336 92901 31824 62635 50604 51333 66071 96582 11929 22487 26710 49170 54767 12912 65685 70013 6707 61824 55493 15231 87144 16136 8118 22705 71971 67187 96179 65537 29998 84551 82228 15487 71919 90385 94958 87356 37738 72258 15723
53104 68774 33212 72026 73572 26378 71911 11901 4950 80864 33311 68803 87532 52803 98601 84949 73023 69960 48754 1840 16410 52251 30289 7723 87322 98074 13556 62805 44385 21135 54902 33382 23788 95502 39498 10940 38250 64722 2354 66252 4892 15397 57830 11916 36800 91881 4407 60406 39092 27822 45507 86587 8487 26735
37572 58947 26835 25670 42142 37600 59374 19225 25783 76889 28565 49995 53166 95330 45545 2091 76083 17227 36692 85698 12665 82010 85470 12537 87570 92896 8352 89664 99950 31374 67981 37849 45436 88691 61915 24854 85335 90373 73251 88139 42440 97157 58819 94027 96150 83938 15301 84850 77036 94803 16739 86471 39143 84873
89488 59564 36386 78994 36503 65709 35940 83595 92366 32821 16191 37583 72003 76388 85586 64952 48222 69212 84630 92484 72650 46115 31213 33900 76839 78505 54379 21929 32517 12882 79758 83305 93892 21496 50037 64785 40241 72908 2058 8738 51946 3667 54150 77772 87593 22783 70733 51688 51990 47274 71363 89190 38040 10270
14837 35181 96354 22416 53700 24167 12083 20815 29268 68769 43010 51458 48438 96643 50747 71349 2256 84498 44786 90024 46589 72480 21525 11343 98336 7887 54938 59796 5291 26183 62685 56436 99287 59885 93706 7052 90002 53978 4045 14563 4920 43899 71594 76739 64111 98068 92662 2963 93940 58092 71905 25168 71431 25658
3376 46143 66103 94004 10718 95749 31114 43635 95932 60045 4068 75531 27603 1590 44270 50613 61992 76347 65752 28215 21271 63116 38461 30061 26303 48237 57614 98838 72273 53356 24327 5332 52563 60094 40120 96077 27261 14199 54129 6114 64829 79810 90979 8143 39794 24270 70435 42695 15032 1675 65274 70548 59028 86048
53664 56766 36571 59696 35572 64273 12125 26193 57426 43979 9274 7798 9744 9472 92148 82925 356 29201 89452 69502 80722 29110 62127 95827 51052 9783 716 62254 32511 80563 46707 3993 40509 2069 20129 8985 30016 22532 75029 8662 27832 53861 24437 87607 51427 4280 8451 27944 16905 11136 70777 39100 69607 58048
63599 36503 35211 78835 20843 52363 51787 61217 41561 24486 35180 28632 68993 6895 87420 34002 50962 12520 86477 83708 40552 44903 49018 30985 37040 4597 13174 77994 72886 69999 36401 23986 35665 35613 88225 57076 29502 26739 3788 45707 62869 95459 48642 52347 60873 10166 604 5950 29416 39766 88821 1855 69413 68856
33835 44542 92375 1752 58268 65515 31660 88643 58775 37917 49490 56880 11826 28760 89199 86992 48378 17951 91714 58585 53201 79612 80599 25761 35528 49566 32022 33162 85450 18595 61594 96068 6643 12048 2394 45709 95462 64476 66932 63881 822 63676 87501 44028 61778 7891 49238 42139 21448 91515 24603 45335 61889 10712
31953 2721 28082 14171 13894 51336 2269 92039 77180 44949 5715 31212 8090 8056 94636 55469 33283 84171 12167 88614 61844 55212 77955 28398 35060 7116 70918 18441 86396 62420 69880 40102 80132 21785 63558 1991 34071 2139 25521 71259 42928 84258 82082 33105 32218 83089 92487 31029 98559 58137 59115 8995 92045 11058
36340 41072 5753 34893 6614 6637 532 33647 75859 9885 75184 55654 21115 52426 69421 92688 22027 89345 84250 20834 26077 80836 3269 56420 39336 81278 22767 39405 45901 39981 35288 56610 7691 99964 39925 7363 83976 89355 18431 29500 47390 34124 34673 37630 8233 27237 94350 62594 17003 70979 21530 91393 42717 90292
16666 66276 49559 49778 31535 71998 18606 96194 57308 68882 2070 23405 43852 741 71880 45538 41053 64872 49138 58510 49018 80112 98127 9798 64569 38970 69365 14844 7026 55100 35411 77350 73009 42810 43085 72448 29458 62428 55262 41179 77850 81021 14752 99853 30137 56078 57534 92608 54061 60789 40949 90539 87044 40869
40506 53159 54726 16937 81691 53903 15064 28828 99455 59952 73198 85533 13349 89094 96362 14160 76353 79956 16275 80055 23508 36530 5421 64772 9909 43538 95330 99270 43289 30144 92107 74383 57722 41505 68032 33220 532 53606 18503 68525 90136 75327 1129 58321 45006 39628 13503 7359 79772 55761 29182 54942 17518 90984
21601 58864 16451 86316 18913 58954 6021 18375 63005 73284 90165 26192 99472 9045 49469 8561 83067 59056 11204 76060 85082 67356 68799 5522 38688 11328 11441 45307 86854 60547 73839 26830 70987 75432 42171 46729 92851 78938 26207 36751 30483 78199 50755 61461 78143 23793 39758 44816 93301 98835 69712 70065 28731 23669
72034 33000 11047 56987 22262 77691 83250 51305 9915 68150 1924 62447 57758 55682 38830 52855 88166 54665 71785 10254 38446 70713 89186 86230 80422 22922 66967 59063 25819 21382 56572 59459 63264 82895 66361 2023 60323 48735 16663 96365 88824 46446 14293 49316 94355 35255 27398 4488 33513 91072 47474 17626 19720 25671
83086 29532 70749 21114 32444 32533 69683 22783 21213 80563 55089 41987 87587 9118 95203 99058 34999 82976 30260 18628 80255 25973 67477 17692 43013 69887 47103 32840 90642 64731 64862 13394 19586 27290 67290 98742 88034 69255 81840 72474 81302 45807 64872 17529 39158 92135 89566 5921 307 59736 24845 32129 39141 21099
3186 1464 89331 63742 85162 40030 95380 74735 7568 99686 31093 73719 98519 20589 59002 61112 83125 15277 51532 39352 83301 82533 66874 27823 66188 3266 30769 98862 30058 38313 28228 93191 94057 16376 54813 35716 95230 63406 6172 7491 16199 10197 84479 3516 34244 52671 32442 86768 34817 71218 34835 37450 59334 97659
48675 16004 93085 75195 58503 56393 23972 86326 18983 51153 28259 34398 36365 64737 4300 13654 37181 59997 67306 95012 77418 59243 98544 4814 83722 86839 78288 96793 96060 94598 12970 92525 16116 90149 25112 13602 95949 5431 31662 35831 27659 91117 38034 36012 43180 7613 7829 27272 92629 68631 36832 53224 72595 775
55902 85089 54102 98457 59904 81690 93933 40815 58048 50798 55101 49997 70623 21736 14849 68211 59253 12322 51492 40565 90583 825 44848 91339 9014 23742 47014 2938 13555 77261 29061 91404 16995 38591 8523 81987 31115 13917 13610 59389 14027 57106 78956 40374 61476 11341 30803 51909 58129 98701 60334 26355 46474 95283
29599 43142 93059 40760 87921 35666 92522 62528 65111 95476 7135 42019 10492 90067 46590 28084 41354 1754 59559 67787 87639 97515 38604 20337 32879 89312 74018 52528 11238 51795 65097 76411 11286 41198 59256 14096 41068 17512 9921 26361 33249 12011 77209 11031 45506 62726 31842 37790 67489 9995 62620 94797 53564 90518
1132 47153 83473 84481 59143 59354 90435 3200 28447 52291 52822 60150 75395 99149 11717 16159 56569 63220 80965 1533 46792 20394 20553 46891 27301 5655 15903 78264 96263 66383 75867 51709 25907 69957 63996 15608 43737 68046 4272 58531 29259 68325 63306 90957 65953 99456 13816 86568 2478 777 37141 27258 70248 85943
8826 23767 86023 99210 77770 90260 17694 51514 21167 96564 59288 83439 37071 58036 9348 9669 14996 71091 11579 42656 21804 30294 53563 85076 75316 31072 80202 61234 37167 6181 96493 75641 63688 72279 72663 15087 99750 77606 74094 99721 50933 50987 7455 35277 5917 68885 86322 56752 56230 20934 92059 79049 44617 44029
32658 60446 2721 22894 87017 43398 57062 87492 225 56738 92020 7385 1627 16846 81248 2374 47362 98078 79441 22215 25938 19463 53608 41009 94423 17413 68860 465 89027 16474 96833 11503 98285 9982 18704 98080 36491 32218 96106 7204 45304 9486 10542 63862 27664 74490 44760 62720 39679 27112 10572 76913 70158 67368
98314 93852 97098 9047 8930 2720 59123 83342 50131 67633 20633 3339 91416 88230 40133 5531 3914 99915 49202 82479 84199 58017 41362 38819 50021 86130 66016 58906 96815 9858 81029 14595 87588 19731 99202 4617 36502 19239 92845 70195 48787 74218 22551 93436 46917 71002 38153 15422 97576 73143 7985 52015 86610 22524
62459 93051 36348 87623 59853 18266 4502 36833 66043 9399 41687 75767 4750 22298 30243 90079 46811 54598 42473 50948 34645 38925 26373 83677 76368 95161 54538 24 62924 70403 72698 89004 28010 83093 73943 23037 16347 61889 59755 94079 35739 33685 93569 37301 90323 47124 52998 12397 55366 18844 18657 84747 98119 69755
31262 52615 63952 75612 20162 60980 26333 35447 85149 73638 25398 45636 88734 87639 628 59710 63525 86647 93934 886 56904 5484 6418 81759 64738 29390 29050 85823 43934 89199 1101 30076 87631 10074 55259 13473 9842 24611 31198 79693 24301 53296 47014 86633 63478 29175 92679 21818 83802 32223 74948 32676 26480 66035
77934 89405 75911 6969 30647 98092 18450 7590 71601 50851 41760 5778 75569 80570 36912 72833 70278 63139 9512 48884 12522 33324 85626 62131 64967 54885 51066 10820 20555 58115 9512 16040 51688 72067 4204 90146 88193 79845 50220 30161 83944 67152 67936 32463 23323 69857 9843 43835 36784 54062 89348 63705 36326 68493
72543 92247 98893 37769 48151 77217 81942 2238 54604 48524 6253 31694 37819 7614 17680 83523 5405 52146 172 27935 84610 84544 57817 54854 6911 20388 18388 6025 63519 69503 76489 93980 30099 62950 24275 56061 54387 95364 31384 75514 91259 21388 74686 84836 14150 95413 32380 96869 16782 34659 33443 29327 89849 23439
69712 81787 26402 82728 92656 7838 222 32640 77311 93109 89108 70565 49982 78665 34310 74857 55789 14301 4267 11784 59373 64075 479 92723 1257 58682 63290 85268 77353 91624 52810 16310 56615 27637 35659 95232 13770 69774 34184 82503 76785 90869 75131 46739 98442 3731 67656 97160 87131 66755 34059 9441 18344 343
38498 4895 72381 81424 1099 85470 69019 84559 80171 45740 77653 27580 92083 71096 48752 58162 1261 37166 47156 37400 16507 42719 12677 63048 75865 18151 88107 7231 71209 9395 79057 895 89168 80389 18861 70122 28004 92049 80635 77980 18158 26160 92288 95884 7464 99630 62508 94521 74117 25832 97394 39494 33225 27119
89897 34308 89779 91899 74349 49131 36227 39426 24491 52951 81150 57166 23999 50855 69543 13304 20602 46920 34079 97412 55184 98551 48062 50318 18204 65048 20508 53083 46793 70906 49621 47750 66511 72428 60586 66199 45612 43777 35176 41230 82103 50074 69418 63854 62567 62196 29058 91013 25047 95518 15803 84929 667 27725
65585 56713 8581 17755 51672 15427 14775 73304 85465 83702 25311 8634 23826 13393 19643 33327 6610 80336 65842 10580 75977 98752 17380 96884 94122 86530 18581 72741 61016 52306 9816 2120 90510 72919 45457 38106 4603 99993 29937 14733 70074 74282 8197 46302 47288 21215 29932 29578 74873 68969 16735 22245 61017 94695
79375 57649 32438 94182 60634 29407 83637 1348 92413 10730 14388 22770 85189 69623 70550 64868 94882 37665 9816 85241 91459 67235 85990 59628 3380 63464 47632 58686 59123 53763 26437 75499 92902 51024 30779 90500 45368 17320 72679 39865 69055 51598 88839 57653 34431 59817 54105 18981 3773 99073 79071 61520 52015 76068
45459 90862 74220 52309 2429 43451 54283 57807 55665 87651 8487 51311 37864 8974 19847 31201 97947 86903 19111 68627 86750 51504 16858 34216 94865 60474 56083 91705 89393 37790 77612 63542 12679 39125 51795 95153 3423 37586 62009 78663 8042 44901 44865 38933 27091 80305 83459 60238 47028 26237 94610 64534 26315 89377
93686 15035 48572 31327 77130 99600 71154 10145 4374 68541 32843 70203 36992 42862 60253 69177 14557 45273 1444 52301 40190 23068 31415 69830 13190 21454 69586 95678 44196 49283 47674 63658 91066 27603 3119 62353 22819 69958 884 38704 69629 56522 66939 98796 36246 69270 81887 77489 24871 76846 8746 98563 45074 37113
49410 96642 36582 55570 45830 4320 2874 35734 82652 72215 47909 44484 36188 3387 72089 62718 80748 46617 91672 8568 38425 13118 243 67948 30305 17742 87030 60371 54306 98600 37810 16107 476 49652 30651 30644 32684 83030 70300 34773 17461 37900 24991 38976 61284 71335 9598 62036 25433 65472 25497 61530 51706 45224
17707 34528 56449 17656 43618 82837 24187 46906 74333 17806 91299 99630 50115 93970 32843 19543 59131 15617 23774 48286 50779 71634 22942 71235 2502 57441 60702 50977 62746 5235 56153 79942 54485 45566 87693 977 81849 13286 54020 81353 43280 28114 3128 62024 98513 95525 84437 45751 296 53776 60274 1830 49893 74656
5440 77231 53558 41812 50494 55270 76477 92704 31613 12345 47634 84329 88124 38234 86088 21923 44017 2589 7463 15694 33465 47601 16543 59882 5263 81194 99722 63216 24545 54018 79358 29122 91881 77794 65556 1011 15742 48680 65956 40361 16548 83603 49993 65562 7905 73916 73920 59097 9337 50401 38141 86678 84262 84019
35795 55703 5909 1879 21628 88036 53777 95362 14437 72759 58419 87948 80140 8615 56499 76715 56714 19005 4485 72101 88016 79711 29653 72274 4251 70881 62804 29011 63952 19998 204 45540 39985 15626 54136 33543 83393 92955 21338 20655 24688 15066 32789 80866 47210 41911 61266 42331 14204 45824 24241 42452 43984 13718
84535 46824 72960 38455 95685 78776 696 72991 57237 88692 95277 77130 64073 64025 90192 31005 4855 45448 28202 44147 18537 81205 47560 62793 86789 18829 29944 13962 89297 75718 90019 63244 81246 9288 52392 96081 76226 61403 40936 39229 16336 92727 39401 40219 51520 16647 33168 57170 29253 85058 12418 61429 92004 78471
98343 25843 40400 61752 73810 29041 23060 84840 6355 33595 25224 98748 69816 52392 28795 38296 63527 72183 25149 88506 34971 9141 81825 86334 95382 52520 80321 2664 98364 10393 33706 72133 84968 68641 84405 75809 59299 91329 9995 33845 41029 57728 54690 58729 90326 7978 57886 68608 52107 25794 89235 42543 30112 97422
94410 56255 77025 9041 585 36522 50951 14295 45284 8060 35945 11346 29021 72289 90970 47537 7673 12265 37612 76649 63830 66650 80367 52465 24503 74488 13859 51205 40761 75732 68530 17088 64718 50419 25174 33198 2651 43929 15540 68520 49994 67692 7929 2635 78729 8249 52250 61236 16586 88553 4384 35380 27303 42097
4604 29672 51877 4576 21013 18403 90728 71146 95403 36231 20744 32385 39140 90556 66841 5788 87776 49927 16014 25138 11896 59639 16570 13689 86096 90170 91803 81944 55246 60781 22778 46297 44015 21886 92082 717 89892 62522 56691 62703 35806 63400 11716 68890 17235 25691 15322 52001 65809 15559 56431 71275 54630 22253
56777 62189 16835 97271 97782 14796 41189 89105 54498 10037 70347 52917 41491 88612 77153 57889 10157 74371 51853 66075 89157 86502 9690 53216 99447 33284 31758 94594 45448 34357 4679 62427 72281 29076 66116 72457 45680 83835 24787 54313 25190 42927 12423 61138 11692 26545 76313 84639 26832 70658 85431 55706 58160 75171









3 4
0 1 3 2
5 1 2 5
4 3 8 6
79 22
0 1 4878 45087 56590 38472 56784 14057 82345 17038 81843 33419 57002 81714 24418 17645 21746 11394 216 23489 30851 58973
0 11452 50085 43495 2163 24630 2492 11545 61376 97658 99389 35255 44581 1186 99922 41178 83008 42415 37867 51818 90976 80856
54131 3975 46251 16674 2952 80995 58061 76306 10220 38710 5542 22079 60800 17614 94375 21989 5476 56266 45396 85921 36868 21851
22676 71167 16511 69380 7705 82660 34097 96081 31995 44906 93612 64755 68639 22905 61417 16224 83532 58986 7067 10464 25850 30692
86415 51634 34212 77392 70305 11241 68322 36010 97951 39885 70478 27980 90788 65248 25302 78895 84977 37995 93712 69777 90873 35307
74583 42328 451 93466 92549 17980 49758 23340 9068 92732 46021 40235 89351 69451 66016 43908 41550 36786 49494 88173 43972 7906
58157 25235 17889 57134 81808 16331 12199 85480 6688 52203 52567 71122 15115 28676 40458 8294 51056 33744 47000 13873 2021 24457
55026 14592 32347 54307 13459 85147 31201 24311 18840 43143 65360 66506 29182 36181 95053 40661 16957 5327 81323 14773 33222 88004
8468 9687 76498 17914 56774 66020 92301 84045 1547 50620 91696 47237 43850 2554 57002 61981 42623 72264 26259 66675 55798 15557
22621 16586 64643 37486 90965 77554 38432 31022 88705 75120 53592 78601 95947 50674 28544 80460 17194 69544 30634 91044 25639 12287
54402 13547 80468 69492 82906 42166 70425 22569 51167 20128 81310 11083 1032 58114 3763 16736 58119 63694 78792 14572 17765 77821
9718 65682 16970 68902 60043 2594 65421 57892 73587 62900 50394 20562 14665 95063 27598 52184 6027 52222 30886 79958 39819 38741
19099 59524 3315 75444 80862 40422 12795 49040 17178 34559 80456 4405 63924 81159 59587 16024 93422 10810 84263 72633 53665 81036
78449 44654 83219 62788 26975 47224 2092 21644 46528 35202 67615 67442 33395 11508 46091 9521 582 63920 73795 74916 95566 26105
14869 49434 22746 24444 65527 46613 38512 31183 82025 45808 74179 4363 47366 93953 43969 88676 64666 925 9185 15151 56023 55929
89323 30379 92263 63922 8318 89856 93738 22939 50777 41672 80241 90236 59193 89944 29739 99598 40618 24562 8776 7527 19248 83804
90669 6203 81025 18848 92968 76534 18936 13160 63555 24669 29290 48745 53432 57581 37313 80064 63117 72121 64218 46880 36482 30040
94250 70515 67791 28905 92521 41420 41106 74492 39549 37276 99175 13475 18288 55860 30295 47170 65099 49314 26714 38730 80870 82670
63263 45256 87750 17599 74523 43891 3962 78875 56288 63238 86537 52863 47837 76217 90500 99348 48631 7635 84746 67463 15101 51874
71723 94684 32390 22403 91021 35151 81917 71937 46990 52993 68216 87442 8925 69203 36560 83178 57537 50422 99242 42515 45589 71406
73375 24376 17836 73999 43277 51679 62284 98347 54589 56207 14220 28192 56429 90208 8867 24269 59257 3380 21951 22450 70601 55867
52944 15251 44909 39640 6446 5093 63283 43409 93575 63695 55848 53286 5345 56623 20288 67479 81341 34073 70393 55611 2024 81310
35120 5870 73730 56499 5210 697 31186 78875 61613 45328 82421 21324 59181 38089 54183 53005 20508 26109 42741 13741 31980 60478
41228 74313 84408 43297 92441 84522 69491 83055 43394 64349 89987 10736 75653 25905 16125 99240 43239 82443 42553 92878 39409 98284
93691 4641 17706 85628 60471 11068 49252 52541 39807 81505 38150 95817 66330 96015 36769 69769 74297 42909 27049 21372 77639 33909
61954 94532 51637 45916 90 67173 22028 2313 82986 48424 51360 3797 13082 60783 85022 21692 80798 77425 18905 21340 72174 39853
75192 67167 24437 98215 8569 78455 82893 65762 45384 89370 63036 56729 33580 34845 45282 46728 55480 25678 85986 43006 36945 86507
55820 28761 8755 89101 57300 54310 79463 81737 26655 17992 24877 50168 20019 77669 91222 30079 11746 18982 33205 52354 89398 18840
36733 6696 50323 5505 66612 45146 36997 11749 53167 38814 40508 52921 96704 95085 33638 90510 89676 67519 98809 55185 26649 13607
77541 22117 6413 19346 98865 93167 70181 35471 44150 22922 36136 8506 7544 11016 86816 81218 54556 11877 90837 79078 24030 90798
30672 28364 15381 55910 13764 29887 40104 18796 94301 67405 79321 40240 77274 37154 97384 43511 294 19415 96295 84883 3587 28651
4059 88606 28241 62924 34527 73721 89648 80088 11986 78444 96271 971 77482 47757 65987 91410 70009 22579 89793 44314 44093 26527
58190 77256 29293 63118 55062 40175 50610 2559 65587 51089 71831 34581 3966 11514 56081 92300 63593 41491 16935 13063 86056 35488
12213 10994 45367 69518 59047 95016 95783 55910 27113 87870 20387 11200 44707 80186 41078 79188 28908 40415 17772 95143 18041 83759
21295 32819 46893 21038 74759 85068 67265 27077 32848 59877 43125 35470 57845 30714 24376 46829 92699 70111 32478 77004 77166 46934
11423 66918 93859 79878 20327 70213 37550 39969 41052 25330 2325 4186 79414 15240 88417 45766 72066 25529 80567 91173 56173 33955
60936 73247 47058 77418 86458 63820 78677 17241 3892 68955 11801 73419 84090 66532 87623 32945 84094 47438 41248 3941 97489 55970
55324 53168 1653 52537 69935 15126 20289 68078 22005 71389 42594 47001 53996 83562 74954 60552 44854 94131 11965 77187 86952 52225
17957 76781 53770 95084 26279 56508 96357 10587 45675 4969 86665 40118 30371 30243 57623 25704 70954 70219 39958 10325 43232 84542
40273 7468 20600 34041 24488 19756 18940 4559 61981 24252 42272 96324 10543 59616 89404 42089 77938 20943 52586 90118 74197 84417
93966 49271 13965 98940 77294 82902 47048 26752 47702 61131 13161 78831 8928 83221 78663 10608 19798 17874 25574 37280 21232 50852
18460 86734 31377 15202 55068 64296 89845 56482 82347 71362 84547 26549 22487 66767 43811 61627 8191 56717 97027 63665 91006 94808
42129 77103 60377 60287 87621 6095 12158 2430 25253 24678 48886 56864 36699 28211 83543 22428 34895 11480 96071 28991 8586 16593
85238 54658 49469 19988 48335 18652 3707 47889 13308 27978 35966 35068 4167 70302 10062 91246 30799 15139 55139 85812 43649 40642
85944 44384 87529 64456 43518 4908 36980 79044 19389 80735 58192 805 42905 3391 35697 16414 30351 42174 8993 86688 56777 10357
51659 47130 65978 88775 28627 66408 14995 55314 53253 93488 40708 21334 88035 34477 96762 50842 6271 81667 96690 84503 45526 11249
28918 555 41485 69318 5838 56204 50431 96989 88977 30030 10739 60997 23885 39036 54298 29773 79808 28687 55518 95457 35971 82987
10910 14774 43768 57989 54682 2028 25873 70798 25 27562 32353 49013 62456 65641 91201 44010 82412 89698 68085 43377 24650 41344
42502 39064 87643 88942 10155 19882 77427 41699 82346 59626 87135 39197 13436 32550 88425 60564 80638 6002 68284 32996 50101 20255
60395 82186 61922 8992 82123 5747 3514 38141 20799 3407 77886 68984 11615 79189 6256 16440 82809 26134 21688 74911 51188 63867
29713 25003 65497 60609 34672 38423 67162 37421 23058 77796 12574 76022 67545 18871 91369 95193 58606 12194 82016 70988 31719 11449
75740 12874 89308 97961 37418 72937 60976 70780 25337 88931 69693 98184 96687 53785 46732 7941 36583 28849 17299 52044 33983 80704
47666 36984 20696 16795 69521 84328 15387 32855 27790 45448 38555 68626 13341 75897 87026 18732 65189 25788 16036 57095 21363 37601
36140 99354 45490 96714 10308 46448 19508 62263 56542 11989 64910 12503 57170 54304 18917 50833 78280 65814 29771 59299 9674 39420
86469 85918 53143 54541 73339 79877 97696 61785 88155 91544 11109 59773 14927 87775 36539 31984 84130 27308 91958 59174 2392 52388
30195 23957 13357 17140 21828 99322 10535 88789 72634 87180 57222 82359 19662 34498 11719 44350 18266 92730 46772 62219 13752 75178
73993 25085 26378 10934 64854 21008 98151 3345 13050 29012 53540 6339 21337 71077 96710 2912 72175 73362 79802 37661 56772 75489
44330 4628 78244 62270 87063 64163 36478 78730 52365 9392 683 2226 31804 98755 87709 93231 83011 27310 83149 12286 20273 59480
84518 90166 1363 67938 51927 61722 50093 33788 2645 12487 65623 6553 29016 2930 29967 81363 7493 54191 58074 88111 35349 55378
6696 64006 11910 34258 8881 90157 90809 86954 7580 88851 46983 34964 75879 99411 96029 927 76935 50668 83523 62327 68542 7313
57958 35824 72773 34323 58678 96871 5415 8914 14690 75037 70207 6963 51039 92821 52703 342 94646 28476 75205 60888 95648 92660
96228 56249 53581 91024 64747 50484 44271 5011 8313 4474 82070 27140 77997 55394 13303 62740 72252 23923 79793 45753 36149 29062
64073 43286 84849 27226 87568 93861 99801 9659 43814 61354 82106 60419 66272 10228 45147 14154 7389 558 58380 5539 18175 33151
46400 55433 98008 86464 4777 94539 20676 65404 19597 17224 89117 7524 40928 76529 59184 26372 35539 70005 70235 27116 95173 92053
20550 20962 29228 31887 23156 54435 11157 26840 70953 29098 35650 36959 51908 27593 4993 45299 12456 93523 34578 60814 23914 56714
60556 74303 90780 92479 16467 61307 32784 53365 52122 54524 94357 31282 56443 86418 79540 95276 88059 23687 98117 18731 3365 38229
48374 69530 95077 86482 12823 65674 52801 67837 35957 47628 93508 80910 76990 84205 63167 9888 84951 35595 80197 7394 11462 43070
17851 1719 59309 74883 19167 22566 98460 32706 81482 96065 64713 93145 90594 72972 33939 54747 59299 48054 6286 67031 13985 81102
90023 67146 78285 45871 27384 42164 17572 99467 46631 21943 61365 71773 67839 69263 25379 241 15723 39738 57719 9326 30747 85760
26354 79132 43702 33068 61650 96015 82199 3800 65368 66270 65030 37947 89216 53767 85968 83222 16368 90985 42483 9103 5278 29331
9094 43907 58917 46638 74598 82696 86337 75757 17081 5316 72563 35688 57560 46846 37840 22955 22018 41986 17444 33937 22878 25086
80678 15545 45522 37929 15245 59298 4831 71692 58266 38299 18611 12204 68980 94256 77670 14307 38040 17575 26736 88634 26380 26779
71963 59937 81851 35977 87673 68616 78172 14082 84027 72727 63735 70907 24625 74371 76387 71845 61590 44393 1450 28426 58469 92352
17728 41374 82025 51310 53381 81989 3212 86516 61909 15363 68270 21614 99042 37270 8708 53364 2300 54261 89833 7681 25869 25366
50821 71674 41814 50749 27562 99356 72076 16973 38863 44481 703 36066 74365 12191 66014 75141 71918 79738 5327 14255 13901 54332
19440 39172 23144 57858 20437 89798 27920 70888 84083 60127 68332 73209 40280 14831 25055 39723 66673 36650 37961 38188 73397 68668
59628 93487 90922 48595 67492 27477 29950 33956 21923 44758 51379 15187 60353 36501 91945 361 73727 28589 81386 98937 54482 82324
2884 27889 65184 97101 46240 43679 56817 6811 77530 87062 10882 39246 71974 84923 49851 16401 33633 71109 59604 86549 88723 87023
17487 44579 66797 93512 24551 3696 31058 1294 70832 72388 81117 84561 58907 68282 51589 17136 31265 18430 96723 91522 51100 91198
